1 0.396667 0.220555 0.154762 0.105090
0 0.750833 0.265935 0.125000 0.097129
5 0.536548 0.338384 0.151190 0.143305
2 0.694881 0.366249 0.067857 0.160820
4 0.809762 0.390133 0.114286 0.154451
2 0.752024 0.542195 0.175000 0.146490
1 0.672857 0.635344 0.083333 0.189481
5 0.807976 0.700627 0.151190 0.195850
4 0.411548 0.566080 0.210714 0.184704
0 0.335952 0.698239 0.109524 0.178335
2 0.481190 0.710977 0.114286 0.184704
2 0.335952 0.293004 0.090476 0.135344
0 0.415119 0.343161 0.089286 0.095537
3 0.226429 0.402871 0.173810 0.170374
5 0.174643 0.545380 0.115476 0.175151
1 0.295476 0.525476 0.095238 0.214957