3 0.228214 0.385298 0.139286 0.176832
1 0.385357 0.192535 0.148810 0.125853
2 0.331786 0.319982 0.070238 0.116295
0 0.427619 0.326354 0.102381 0.125853
5 0.535357 0.333523 0.129762 0.140191
0 0.750238 0.264224 0.090476 0.109923
4 0.797857 0.383705 0.100000 0.160901
2 0.686548 0.368571 0.084524 0.203914
2 0.742500 0.539827 0.179762 0.160901
5 0.793095 0.680815 0.145238 0.187984
1 0.672262 0.663291 0.132143 0.175239
2 0.478214 0.701525 0.146429 0.187984
4 0.430595 0.569299 0.175000 0.152936
0 0.360357 0.689577 0.082143 0.167274
5 0.184167 0.534251 0.096429 0.197542
1 0.289524 0.533455 0.128571 0.218252