4 0.163333 0.553799 0.102381 0.176389
5 0.119286 0.408278 0.145238 0.146403
5 0.063333 0.552035 0.073810 0.190500
5 0.460952 0.353597 0.164286 0.178153
2 0.382381 0.502646 0.073810 0.190500
5 0.591310 0.481479 0.151190 0.225778
1 0.500238 0.570556 0.057143 0.195792
5 0.818095 0.510583 0.150000 0.125236
3 0.599048 0.629646 0.159524 0.105834
2 0.793095 0.669334 0.119048 0.135820
1 0.885952 0.648167 0.057143 0.160514
5 0.749048 0.201902 0.128571 0.167570
3 0.722262 0.318319 0.089286 0.135820
4 0.828214 0.292743 0.105952 0.201084