0 0.155000 0.273214 0.140476 0.183929
4 0.252619 0.253571 0.047619 0.233929
1 0.494881 0.288393 0.132143 0.207143
2 0.821071 0.291964 0.127381 0.214286
4 0.918690 0.267857 0.041667 0.237500
5 0.816310 0.775000 0.127381 0.212500
4 0.926429 0.765179 0.071429 0.225000
3 0.579405 0.758929 0.032143 0.237500
4 0.481190 0.775893 0.133333 0.207143
3 0.147262 0.775000 0.132143 0.194643
1 0.247857 0.761607 0.035714 0.217857
0 0.162143 0.626786 0.085714 0.073214
0 0.493690 0.618750 0.079762 0.060714
2 0.825238 0.618750 0.150000 0.053571
0 0.831190 0.130357 0.100000 0.044643
3 0.498452 0.129464 0.144048 0.046429
0 0.579405 0.277679 0.029762 0.182143
3 0.166905 0.131250 0.123810 0.039286